91.3004 90.2434 89.7366 89.4372 89.2398 89.1043 89.0123 88.9542 88.9251 88.9234 88.9506 89.0119 89.1176 89.2862 89.5511 89.974 90.6828 91.9872 94.8047 102.423 
128.488 126.651 125.473 124.68 124.128 123.74 123.474 123.304 123.218 123.212 123.288 123.462 123.76 124.233 124.966 126.107 127.923 130.919 136.083 145.295 
161.041 158.87 157.296 156.153 155.323 154.725 154.309 154.041 153.903 153.888 154 154.257 154.699 155.391 156.443 158.034 160.455 164.154 169.785 178.102 
189.295 186.961 185.157 183.784 182.755 181.999 181.466 181.119 180.936 180.907 181.035 181.34 181.859 182.659 183.85 185.604 188.178 191.928 197.271 204.505 
213.413 210.994 209.057 207.543 206.384 205.522 204.908 204.504 204.285 204.239 204.366 204.679 205.208 206.007 207.166 208.824 211.195 214.581 219.335 225.704 
233.48 231.015 229.007 227.415 226.187 225.268 224.609 224.173 223.932 223.87 223.981 224.272 224.757 225.467 226.452 227.801 229.669 232.336 236.256 241.966 
249.542 247.049 245.01 243.395 242.152 241.224 240.559 240.118 239.87 239.797 239.889 240.14 240.551 241.121 241.846 242.729 243.813 245.309 247.856 252.834 
261.626 259.099 257.059 255.474 254.274 253.387 252.757 252.34 252.104 252.031 252.106 252.32 252.658 253.09 253.554 253.925 254.018 253.702 253.495 256.359 
269.766 267.133 265.124 263.639 262.551 261.764 261.212 260.85 260.647 260.587 260.656 260.846 261.14 261.5 261.824 261.871 261.102 258.455 252.534 245.811 
274.069 271.012 269.137 267.878 266.999 266.377 265.948 265.67 265.519 265.483 265.556 265.738 266.028 266.415 266.842 267.103 266.535 262.954 248.846 196.753 
