80.1971 79.6644 79.4028 79.2408 79.1261 79.0387 78.9694 78.913 78.8667 78.8283 78.7963 78.7699 78.7481 78.7305 78.7165 78.7058 78.6982 78.6935 78.6917 78.6928 78.6967 78.7038 78.7141 78.7281 78.7463 78.7693 78.7981 78.8336 78.8775 78.9319 78.9995 79.0844 79.1925 79.3331 79.5216 79.7863 80.1865 80.87 82.2815 86.0261 
98.771 97.84 97.2262 96.7929 96.4687 96.2157 96.0127 95.8468 95.7098 95.596 95.5012 95.4226 95.3579 95.3054 95.2637 95.2319 95.2093 95.1954 95.19 95.193 95.2048 95.2256 95.2563 95.2979 95.3518 95.42 95.505 95.6101 95.7398 95.9 96.0988 96.3475 96.6627 97.0691 97.6063 98.3409 99.394 101 103.629 108.196 
115.923 114.816 113.987 113.354 112.858 112.46 112.136 111.869 111.647 111.462 111.308 111.179 111.073 110.987 110.919 110.867 110.829 110.806 110.797 110.802 110.821 110.855 110.905 110.973 111.061 111.172 111.309 111.48 111.689 111.947 112.266 112.662 113.159 113.792 114.611 115.695 117.167 119.223 122.156 126.323 
131.829 130.632 129.67 128.895 128.266 127.749 127.321 126.965 126.666 126.415 126.206 126.031 125.886 125.769 125.675 125.604 125.553 125.521 125.509 125.515 125.541 125.586 125.654 125.746 125.864 126.014 126.199 126.428 126.708 127.051 127.473 127.993 128.638 129.446 130.469 131.778 133.473 135.687 138.568 142.228 
146.579 145.33 144.282 143.408 142.678 142.067 141.553 141.119 140.754 140.446 140.186 139.97 139.79 139.644 139.527 139.438 139.374 139.335 139.319 139.326 139.357 139.414 139.497 139.609 139.754 139.937 140.164 140.442 140.781 141.195 141.699 142.316 143.072 144.004 145.158 146.592 148.38 150.599 153.32 156.56 
160.226 158.944 157.84 156.895 156.09 155.404 154.821 154.324 153.902 153.544 153.242 152.989 152.779 152.607 152.47 152.365 152.29 152.243 152.223 152.231 152.267 152.332 152.427 152.557 152.725 152.935 153.194 153.512 153.898 154.365 154.931 155.617 156.448 157.457 158.683 160.172 161.972 164.128 166.67 169.585 
172.801 171.498 170.355 169.361 168.5 167.758 167.12 166.572 166.104 165.705 165.367 165.083 164.846 164.653 164.498 164.379 164.294 164.24 164.218 164.226 164.265 164.336 164.442 164.585 164.77 165.001 165.285 165.631 166.05 166.555 167.161 167.89 168.764 169.811 171.065 172.558 174.324 176.39 178.763 181.427 
184.326 183.009 181.84 180.81 179.909 179.125 178.445 177.858 177.354 176.922 176.556 176.246 175.989 175.777 175.608 175.478 175.384 175.325 175.299 175.307 175.348 175.424 175.537 175.689 175.886 176.131 176.432 176.796 177.235 177.76 178.387 179.134 180.023 181.077 182.323 183.788 185.496 187.461 189.685 192.15 
194.816 193.489 192.302 191.249 190.32 189.506 188.796 188.18 187.649 187.193 186.804 186.476 186.202 185.977 185.797 185.658 185.558 185.494 185.466 185.472 185.514 185.593 185.71 185.867 186.07 186.323 186.632 187.004 187.45 187.981 188.611 189.356 190.234 191.269 192.481 193.894 195.527 197.39 199.483 201.791 
204.281 202.948 201.749 200.68 199.733 198.899 198.17 197.535 196.986 196.513 196.11 195.769 195.484 195.25 195.062 194.917 194.812 194.745 194.714 194.72 194.762 194.841 194.959 195.118 195.323 195.577 195.886 196.257 196.699 197.221 197.837 198.56 199.408 200.4 201.556 202.898 204.444 206.206 208.185 210.368 
212.725 211.389 210.184 209.107 208.15 207.307 206.567 205.922 205.363 204.883 204.472 204.124 203.834 203.594 203.403 203.254 203.146 203.077 203.045 203.049 203.09 203.168 203.284 203.442 203.644 203.893 204.196 204.557 204.984 205.486 206.073 206.758 207.556 208.484 209.564 210.816 212.264 213.923 215.801 217.888 
220.153 218.816 217.61 216.531 215.573 214.727 213.986 213.34 212.781 212.299 211.888 211.54 211.249 211.009 210.817 210.668 210.56 210.489 210.456 210.459 210.498 210.573 210.686 210.839 211.034 211.275 211.564 211.908 212.312 212.783 213.329 213.96 214.69 215.535 216.515 217.657 218.989 220.54 222.327 224.347 
226.564 225.229 224.027 222.952 222 221.162 220.428 219.79 219.238 218.763 218.359 218.016 217.73 217.495 217.305 217.159 217.052 216.983 216.949 216.951 216.987 217.059 217.167 217.312 217.497 217.724 217.996 218.317 218.691 219.122 219.617 220.182 220.827 221.567 222.423 223.425 224.613 226.037 227.737 229.726 
231.959 230.627 229.432 228.369 227.431 226.609 225.892 225.271 224.735 224.276 223.884 223.554 223.278 223.051 222.869 222.728 222.625 222.558 222.525 222.526 222.559 222.626 222.727 222.863 223.035 223.246 223.497 223.791 224.13 224.516 224.952 225.441 225.988 226.602 227.303 228.124 229.12 230.374 231.976 233.981 
236.331 235.006 233.824 232.779 231.865 231.068 230.379 229.784 229.274 228.837 228.467 228.155 227.895 227.681 227.509 227.377 227.28 227.216 227.185 227.185 227.215 227.277 227.37 227.495 227.653 227.845 228.073 228.338 228.64 228.978 229.352 229.759 230.198 230.668 231.18 231.764 232.488 233.481 234.93 237.008 
239.677 238.359 237.195 236.178 235.297 234.539 233.888 233.331 232.855 232.451 232.109 231.821 231.582 231.386 231.229 231.107 231.018 230.96 230.931 230.931 230.958 231.014 231.098 231.211 231.353 231.527 231.731 231.966 232.23 232.523 232.837 233.164 233.494 233.81 234.104 234.382 234.705 235.25 236.372 238.562 
241.987 240.677 239.536 238.557 237.725 237.019 236.421 235.913 235.484 235.12 234.814 234.557 234.344 234.17 234.03 233.923 233.844 233.792 233.767 233.767 233.791 233.841 233.915 234.015 234.141 234.294 234.474 234.681 234.912 235.162 235.425 235.685 235.919 236.094 236.16 236.071 235.819 235.559 235.863 237.998 
243.254 241.943 240.832 239.908 239.144 238.51 237.98 237.536 237.163 236.85 236.587 236.367 236.185 236.037 235.918 235.826 235.76 235.716 235.695 235.695 235.717 235.76 235.824 235.911 236.02 236.153 236.31 236.489 236.69 236.908 237.133 237.349 237.523 237.602 237.49 237.041 236.058 234.422 232.639 233.431 
243.479 242.128 241.057 240.218 239.552 239.013 238.571 238.206 237.901 237.647 237.434 237.257 237.111 236.991 236.896 236.823 236.77 236.736 236.719 236.72 236.739 236.775 236.829 236.901 236.993 237.106 237.239 237.394 237.57 237.764 237.969 238.172 238.341 238.417 238.276 237.663 236.068 232.55 225.959 218.727 
242.702 241.151 240.168 239.473 238.949 238.537 238.204 237.932 237.707 237.519 237.363 237.234 237.127 237.04 236.97 236.917 236.879 236.855 236.843 236.846 236.861 236.89 236.932 236.99 237.064 237.155 237.265 237.396 237.549 237.726 237.926 238.145 238.37 238.568 238.65 238.385 237.12 232.868 219.038 171.931 
